     d      N    k   MMR (ms)   LSR (ms)    Speedup
----------------------------------------------------
   384    100   10         11          1        14x
   384    500   50        889          5       177x
   384    500  100      2,461          4       619x
   384   1000   50      1,718         11       150x
   384   5000   10        446         30        15x
   384   5000   50      9,371         46       206x

   768    100   10          8          2         5x
   768    500   50        945          8       116x
   768    500  100      3,127          8       388x
   768   1000   50      1,968         16       124x
   768   5000   10        568         57        10x
   768   5000   50      9,581         59       163x

  1536    100   10         17          6         3x
  1536    500   50        960         15        64x
  1536    500  100      3,162         16       204x
  1536   1000   50      1,919         36        53x
  1536   5000   10        490        118         4x
  1536   5000   50     10,534        145        73x

  3072    100   10         10          6         2x
  3072    500   50      1,175         38        31x
  3072    500  100      4,503         37       121x
  3072   1000   50      2,582         46        56x
  3072   5000   10        763        320         2x
  3072   5000   50     11,922        313        38x

